
# still lifes
def square():
    return [
        [0, 0, 0, 0],
        [0, 1, 1, 0],
        [0, 1, 1, 0],
        [0, 0, 0, 0]]
    
def tub():
    return [
        [0, 0, 0, 0, 0],
        [0, 0, 1, 0, 0],
        [0, 1, 0, 1, 0],
        [0, 0, 1, 0, 0],
        [0, 0, 0, 0, 0]]
    
def boat():
    return [
        [0, 0, 0, 0, 0],
        [0, 1, 1, 0, 0],
        [0, 1, 0, 1, 0],
        [0, 0, 1, 0, 0],
        [0, 0, 0, 0, 0]]
    
def bee_hive():
    return [
        [0, 0, 0, 0, 0, 0],
        [0, 0, 1, 1, 0, 0],
        [0, 1, 0, 0, 1, 0],
        [0, 0, 1, 1, 0, 0],
        [0, 0, 0, 0, 0, 0]]
    
def loaf():
    return [
        [0, 0, 0, 0, 0, 0],
        [0, 0, 1, 1, 0, 0],
        [0, 1, 0, 0, 1, 0],
        [0, 0, 1, 0, 1, 0],
        [0, 0, 0, 1, 0, 0],
        [0, 0, 0, 0, 0, 0]]
    
#oscilators
def blinker():
    return [
        [0, 0, 0, 0, 0],
        [0, 0, 1, 0, 0],
        [0, 0, 1, 0, 0],
        [0, 0, 1, 0, 0],
        [0, 0, 0, 0, 0]]
    
def toad():
    return [
        [0, 0, 0, 0, 0, 0],
        [0, 0, 0, 0, 0, 0],
        [0, 0, 1, 1, 1, 0],
        [0, 1, 1, 1, 0, 0],
        [0, 0, 0, 0, 0, 0],
        [0, 0, 0, 0, 0, 0]]
    
    
def beacon():
    return [
        [0, 0, 0, 0, 0, 0],
        [0, 1, 1, 0, 0, 0],
        [0, 1, 1, 0, 0, 0],
        [0, 0, 0, 1, 1, 0],
        [0, 0, 0, 1, 1, 0],
        [0, 0, 0, 0, 0, 0]]
    
#spaceships
def glider():
    return [
        [0, 0, 0, 0, 0],
        [0, 0, 0, 1, 0],
        [0, 1, 0, 1, 0],
        [0, 0, 1, 1, 0],
        [0, 0, 0, 0, 0]]
